10490534250147968078
4159038744548079914
7456755913475454704
5889110592103820749
11205625447616482006
6618862019296888626
4224543496771596697
15441302860955849274
12533142658396431827
11515580031719353123
12098128522543689683
1076276982567502245
6585331022495963574
17253080282161855001
2694815846887175306
4754490131686739842
15114028727974484155
5903906527906123367
8155352575948049306
1343887652450066758
2701662179072060997
11472087150561632695
13580948406193699046
14249449153902321776
6654758861768570531
11454510903678670906
4091326417530120789
13693814375937788357
16875577764786565631
2683104326754935753
4852323521824779195
9765681097978732418
17482159268405862903
6874932935378789323
14759644098463880148
3217285532528452592
526257108806634181
16324399829314709220
15519113478077726105
17749596787100082929
9940476777826742721
13361532453400246042
14368427496005652629
16288912554035780400
6635322711205695712
17625490604120435266
5411080171094202006
7632868792165729222
16920662165317972034
17442056613923685163
1518345124797067669
5995750412581251981
10489530532418749692
3430369486252429803
14733535975963404326
10655247026783250209
5172316189179087591
2424740645326226864
7155477484661182895
14136794560822800782
10102951993091192560
8121084667010921936
16214269012194578523
17741471051166270120
14461211693643476469
7521175881825481284
14936346129658502457
14708862719116275703
1479341325777082080
7943023159235033948
11980876133753717683
2350210172369709537
7307888915250397344
18294155672540803499
14393124289308025407
8195116289137113809
13396006152901960118
6234647148556270194
2261477803783104639
17547657417295324646
16360599064775794409
1736422871163983322
729881688753218043
705271830536032503
792644449455113434
9274821698172743671
1745786674107034026
16015762535988515650
10550813602216969351
12242760182001425563
12403519948006186135
16942397315332714037
3271549645591618338
14423796445323093271
3744204370569659687
9760160247995766993
9873444198824764232
11976390575927685154
10198680089317995042
9713663619084560493
13086349700889192295
13154550646313440399
11026592011131531290
12657381201468741795
2710129035815103509
4448172610594110138
4032192142738635598
12637449211530759535
206097104250475905
7304490841127878054
14015306401008748662
6989269507931822584
10964803068582285130
2681959894479936090
7638605267794355565
4256523423275029638
5854713895079142052
4933476623875505149
8795386873072363494
17169103779791480802
468161278419995552
15320325288365170811
12549179384822987923
1049503721299220113
279500207020562102
4751155019817145951
7493443583706844098
11278148879647190280
1685860153086430330
693570402452423139
13660009895249861954
15914904553063366989
11602343948175367927
2438192813062068279
10269418241790241098
3360055154321991736
15722604556929586626
15901867580361826648
18209807362817343744
8359121405308975327
7162492982293926908
11301683870474261207
10279582839950295038
138381226749824258
13830351691432033950
5247597320855741301
17031733147455009143
13797328021188460832
1032545996762926222
1353437755246184442
16241643834509248959
3506966475557185427
9142916728029908176
3126877231230493544
6600281095426793919
6986547026830435744
6072982614937419798
8648562679509580957
1343179795000815541
11001788311048618033
8826954713069612884
12157937730336896553
1235727968094205755
3738735026023166630
17805438999212735698
2950928835255382012
2975933571551208980
8061962675347474381
14515855982943956733
6806039736828440353
7687622931978624017
5132217495213495632
8298544098986745207
2844399165283936710
6607305482944812250
7677245422846210457
7212289342962107772
10988798178893786982
17390944417312997377
65314906393299393
9454888850481677172
4221402712212922433
14754050781720756518
3824221355751701854
3592260121171331574
17377229574650672442
3362162111751339230
7994970722871154461
4675142183972239755
2325146015041666544
9651019074352989875
4778054762262728045
9739789513071439424
15285538555548773293
10517169871953624131
7180921342191610051
17108320308210344344
10340976558521617586
13708087387121514568
11229999746561723455
1365036465566149768
13462389262884066078
8654112802341656245
2530009700561584532
4853258499655387827
8987804439773456048
8710132466757300864
1667997560414533772
12835812858748150374
4785186197387170938
9165613701324851595
866542838497019762
2070039676790612859
4086458950026983884
1469119821254969552
11266210429385202756
17434069299607771311
8415317410302351926
3920849574403725753
14733112712202802566
16901863162464560230
17061911096015009648
13831520099017133842
15216873475214654444
5073002351266746559
7864417939823169722
10538675841785674034
6254969775991084824
1518867865739043071
921410869704042398
17562736753173690857
2470263441103308102
5369866932479098313
9704278112465053580
7787528535642643654
1188937019070521104
2429252362125204327
10281055188934523755
5716648038043938903
14529819914891447316
1665954465341362814
13961994214719217469
3375340921010366104
16917734920531206497
8785468609442376410
2258130422771428187
4393269585537917559
5730576166396600633
6788917969312485126
11821018380345570474
3921380630825316367
7572706425601588575
17135683248917631548
6793235001321926350
9999236857171289517
15754969159515209005
7649104710731681274
16237172987169725757
1058879819779853480
3548020488485267310
16440437162327648543
12433403000216821863
15796845003173272628
16725734179676094759
13048778475081823231
14609276651511773780
8992747376119842077
605089685575417758
5868601719377074952
12634660617894906666
10606025234123344823
2789776851494707845
622764026105418009
11163032230925303725
14866412709580686119
7547475050468546777
2658970030843976327
17244880256053752044
9262706246834863156
10869038426907379069
16526876168220664353
4681448156087325591
3164019699735233264
2911600723635790105
3744449801426643860
10483183204749759684
1959220167118391290
11232191795563031286
750734080534177370
15363368791569846503
8620118218378809618
6103286623366323617
432837244856719490
9236773735483130305
11788500710259754192
1154962878168633983
9000200083988318724
540808585763220883
5810092384700618684
3980523662918509043
17998679604618720433
13478875957343004627
18103407299122719237
7640122719640786858
11648658936342739199
2592131174627787651
13108134712770217905
7944969407696910066
10842102677148023140
2903278993312498976
4599541209792026603
934756772514988814
15960858324444124484
13188164817833471597
12646176087318827540
12814876547653359408
14702730057066727489
8839382318989644922
2070247120086296445
17682780894815582297
11197429459226648041
3494960347382349564
8886295298028902700
3111601495307632977
9453367879280558816
1737376148966010059
9394335903372673794
15898444746681166755
14487574640440494178
10779296170556711114
16255898224625361515
8205937514555025920
1959602390714784038
15489088124326784846
4578865172894645229
11638974982121333930
4985401405237954749
3028223987254200097
8994831579330718685
13109024153018745498
13482980208380664734
5164290555793223662
14666381456673939425
11394486901310653653
6000431559385972420
8986801365404882593
2121410048426323569
3830127312136413273
10629849294129633579
3519135330165497351
14585350139711588150
3232777092316316369
2709709979776822072
5485422411606751960
8579276676489384439
16955947180603757468
12201328431235199339
4653802707284517061
13807236693325398781
11612788833891641170
14120727118612010581
7219598671200085536
17753820563210972919
587427749840709591
11171150471333007528
2540924085840739987
18438987954906792993
68617368657125585
9148118379794157798
2110436788180584806
8617883276030082738
10267448713198250440
13219734994517280300
11129294562342100545
17491778240143247244
11474867373412925632
5768832619832208781
6420450548455663098
7990477517155945507
293371525956754111
4178642111390703547
8262592675282243299
13435320823880438013
13037665194767298469
2046594860449181728
11575482331462161473
14210469435345817282
4167991618889826799
11716979049987267213
8393314443849818113
11121804621541490220
2428845445715018198
510325376689060350
4301554250183937332
17518589953476354931
16836470841921737237
3507237798645467731
7317460194703659826
7624037543613532618
16119386464516067120
1148543630086440386
1154666592485227755
15230332227056115059
6097442058924532017
10247041569899876967
16257600914767574584
8545399917954068884
1949278117572980583
7476277351294528693
3474101389220416415
14179877671129591475
6462360403618545160
14135738869725176723
12721817677731280959
7869184276440966780
10617565079883031831
18244752061431311264
764621042634514141
2687079825172322
17505048347949532016
12897726458291947946
5070904727757737671
8984822158217042826
5825141001786563069
15536344209967121247
9776426833733972110
9232318060696999913
9586344121257227721
5824874954054368634
6557287467973208113
6952038133647336333
6313655338765869304
13491956441952661461
10527349685973065200
8434012879379529106
6253002708954781150
14852540326546733453
12975052659063902332
7859062059970737457
13296079723947586337
18264207779709707527
14946573694680790279
3318163739920825262
117024988786195316
2253046250164708074
5788138781678916370
5643871814169235308
9524232552054780023
8512896485249838588
3255017462991825431
5847504251627936989
16432895890345343110
8836389221436001538
1225166248574386166
2789872415828667538
13256948936103600803
10413278616040196300
12360192562932027898
6812981531404594047
3704801696147924869
10367218789280369554
13701688836264726877
17327274156030451618
796573715855561911
15171666031975687725
13015144120590006150
4148397443268031240
8869508980451130438
10775479494083911037
1623541212184972170
16825288792648304860
16203218459408093655
8947793979827260548
4941892687004102402
514443235663328452
17795228981488957969
2886158825925662911
14036624056783067162
16893507117458182969
9522640227288534322
4659683287235841196
6180435686876301136
3018359262721823199
2575519397503076864
12506133105689034610
16822250594903549731
13327683585098179129
12483054014184781647
13147267916556178625
9511389274106193958
4076427043241504072
2536965561682549415
11529869562306395548
7497240282249146666
83837061157051191
705763213868671101
1298926834215026936
17349307451349767638
16760925874232480358
11192872330468776182
11650156241065789851
5386063013662829374
18123051592523907874
13003227374917103146
9229350031707029262
17464245386806607003
6632390024270040397
15931102677622872775
13970842133183086814
15276800015627866544
16068103738574217698
16435464600213811563
6363307121724632350
14166370224899193845
17318182695838703286
4186850719243374421
8287796631730779459
11256261771390820321
2604935605642013349
697957649351903746
14456711024433678658
14668648449848583268
18395139045749960126
17452280660678588931
8937937531786397944
3930470162698270741
2317929590268988190
12224671507239145267
2730116131912766677
1351486363580448902
12475848890089202243
15868684399702265642
1580817393648883350
724677635288120427
8865580410281032221
4945821187380346553
13699804916969594917
9698394194782367374
18234439105838364663
8547789632425732738
6538055748462651603
4850599879948953006
18193837021673610118
40243667603162006
7615265082997619739
16886418754830359032
6774599313422152590
5592094410954857305
4828390031357194887
8747950512212692593
13664598411043619741
8984391025947299597
14423528059313775489
8140687593905742677
10310988211589830390
5898823548213632335
15638690394072738611
4098787077654927242
17293780502728840666
1938721202109034221
3078702549985433335
3044458773809681237
6399127806319329402
7405749640590808260
15193216180665384402
15999779453264257529
7369343394932556355
13300040062464761615
5826129714027281031
12115207213561009147
13788211279149094189
4382911013837886397
17100231687919855454
11911742092827802511
16551032878316081993
14947625822356558699
16371847957822687231
12494829217084252387
16784175390740800125
9566461480340174838
11246447296521861546
3596401242718453280
15003201919151059906
12870936032643470324
14016702600431344447
3564947445672762983
4069741663380857444
2694960963055758077
10437724339533041761
14724497959295449551
2989814493615074455
11945297673473172981
8490557576514830665
263285218170144081
5342006887758509749
10459863845623056303
14431514339291465933
4906257190879011713
10248385396715954734
16612959422517911254
16345693459964771131
8117600469247530174
4374944437931003050
4755533764900051204
3597649201424675990
10329484811626036777
7598465258525474718
6585082486652996480
17961209993596851675
147158747603336875
8377980366176410878
12130978084628876761
17363708497350133237
1701290353990388957
6771524262476683415
17341349513362562947
7237111840965523567
6465172760834323447
317574859241316629
12923475633157129984
3725586912750922358
15335018341451026397
4888845899893063204
1220636721231309564
6414965872328755054
13621790422799360604
16006080258655807566
1365781657424070771
10923000623753838036
375388392202724807
11287433710085142716
4331857448504857837
12408793339559204892
3706708820629071305
18055030595491849267
10423967989169273454
15809051073694713187
17698965656895035775
11622732180756224204
14121993180103276962
2110367285648372527
14674798659874506607
6786569601979518896
16268239527904927677
12337771971263392846
13261936977448099730
11988175438394506297
7526412395473724994
7970008646492355100
4804459289628065322
16717930293382212879
17714099472728227768
13045920514023847916
10300452673514110505
17677970251216409524
11815115765409777737
8853701971662865013
16557765599095498612
14849241162591834321
4265079328138199765
7542705536928585311
10248314544143034363
8862650892568457250
16524148353232958854
259097173871334525
8433089458711461372
17249257933096331831
7690471307723169919
8651758982042257840
11345731688802722381
13687561059441120541
13135833741480243396
5607347656664131506
3651143068753355823
12397236807795958994
8002273023732512252
8268108700315732326
1070306289186896074
2326534079981004527
9462263322171618496
10019056755757367396
8521967979549591159
6299875056242204834
4981033210039015846
5742047559277805441
15414570640551046808
9805041807612156787
15573028752431948088
17205585938245956410
15030718495729810689
12751163198314156145
849471845283222749
3099776222455475985
18346321092792455016
11340949756043131305
6815840705174679726
11742477101681522095
4910849308935810033
3750371082100756057
11268882307788211696
16433735647205709210
10219402900990842416
15786612662638659655
14636860099892976407
10988775721947034792
12015300681706185089
3052475547461819383
2065694858423961482
15044943218099315539
1850131878216821936
9967426421734704867
7914506656513326100
13221595693640788407
11305591525352951453
11339959869626055748
5114287346292340526
14444192856240749256
14988482559338689412
9784415083638421400
8934426656764703563
3588734079343809645
17966629723194938477
11961683338032237605
16467334631913039119
1848862421121748268
16651392461040410669
3602774812909499577
3241927478350374170
7272030210428107096
944729260756003808
1695199846077995264
8938790196043090264
263316093488054490
14767317062979503057
13240493794427402718
6528061469569441477
9143099011623561292
4895181615707891655
3248747744421462560
2116138140800509989
11833025467568843169
1632594577138618297
3804889871978233579
6141722517675209486
17634775245300603571
7341336885373921325
14308675059051165871
1954314199376785636
10698228040876549338
9992729132990756923
3045503633224974247
1465783408434437832
4244425385625797293
5159215721432183590
13824937096954961088
3374675871881599720
8341056912114811082
9961507938407174754
4425136706661668169
3121446955233581978
17539579734179252083
8388102029133005179
8045635884498465995
14241991172994575106
16830837247112481490
15441158748447262441
9597945078462177525
8670773320439498358
1987170087140761129
16741675182003997855
14665007720627370901
16977981010432027154
7183382865304280141
4042842571670337578
10360042356867997431
1507312738006149055
17523788067402504026
9400945872045708567
12098474279450056654
7619606593201337881
153318217021198545
9744441007898345030
8735681172260263640
10573420994507550428
14874181081668055294
13501147130943882125
12786849428578298975
5832564798094994661
4206953782263987714
11909653754197305266
2282192533700754181
2837829643909348836
16290226091881452003
7079638663537364034
4684010290971603642
12665698374160688405
2040321413618682763
3611827058146804955
18182638447742444791
11998674338745313332
2905095807288977357
17898536238811966395
13419752771864769295
7913613759313468784
8476383092506392172
4203756303497487279
15926271707404405260
15919714458990653272
11273256136156105970
14784810921605085233
561166970097844551
17965553940466843049
1753810120425380902
9265288212882585183
7056902245618770330
10157389638707067786
8463839997582015532
8242820120040583202
5496254583648185129
3649160760583361269
17210788689389074812
14571397335742589470
16045168185176492453
2147913513734705989
15477536879043323111
2430914780734415418
9608349634691753391
10436819467213299224
974526190847031331
3754422931868964854
16407016848753167414
17558721984434885487
6438162853034410331
11197152956960197415
9072691191063213027
9865999167445293338
16990120696285013038
7739326198031362059
16326319052710154018
16105496600490756589
7539381248028582729
14794895042869204553
15796466859369291835
6725193913686020062
2561231924813889105
11536518507734704933
5121049511944899989
8375205853285019954
12614136529717226339
6855942335016387744
9366692415364978328
17268527689603974107
9452384515389723279
10156380096666911618
17825177054351490884
10506141119760796877
11627656971146252200
16230543846690117767
8645436480922753117
6067436957465801373
14038517148238115272
12383940318482966927
4790614264963236402
2406083866553602785
3079827889104904658
15076522134524187234
4987224385993351002
12514449733455016711
13725985289856199290
18058706452057114143
13866862647140315127
16632564710796365375
6635913889484675701
15361754985069909662
6751805577897270584
11573496723556770269
5086997368714207323
16932403288236070463
3680364118551887616
14778916341350515831
16108954705914402079
5980652355918031391
12540298482126004977
16952654765441493374
2658189292253767028
9421343543463846239
1625654010466769721
10491759015539073458
13340329945908383346
287386853901410510
11287095593856388018
10602443285677595374
4878805755652497977
14035879312796627762
18161695164161265230
6004865334788274024
15727803630379815187
14056459698254176483
14188288016808554341
4336935201560865315
10975009859651878612
18397918936530328092
16799557313670536998
10231235053569918812
4887070267187261016
4727863798239890926
3548966859278775031
11403734436321066409
10733888657923971918
8927437577166943150
16132287509672396060
12400885075539699539
2662614763551040091
12512280591291742652
4418216847554513054
1270580618658937169
10791644084818495617
10221860770332864274
3974939701570008370
13368090929398072928
4248097141293291921
1139839135252302724
12558200978549660174
2171634423962640878
16136825266891875475
4048626072490946461
2379307709854214883
1843454663998172061
9697312142589540943
1527722785388247757
3338923222306482962
9556354315779494412
12291310521868353951
383988658440634535
3606801374774756763
14753608367476082263
16511971191168303531
2042154364378226541
9913538993284639754
1631785492837575942
9349392481210104200
13832218915104860217
13762946076544625127
17728620026094370086
16972888814508801905
7756428880854551529
10268059392589860555
12122311378220414242
2311813231928908346
9684107287587911962
7742376940597753218
5541543476021305595
9999702239869208968
5353961601815202604
4108979598109768954
10284771278618603091
9409074034483439956
219566090114000122
9283205740285026680
13394219105428858215
8697076492661302198
4239673239941163049
1074695853201808564
15851067266852975204
15328990599703918212
245678645127449852
16775949279751190032
13864092107863459611
4392067534831142358
11299736711182442937
2682978171082263140
3751078523092295715
2134918522829753658
7005481336297883755
6758958345844319181
51046023546557923
11643737586819759391
3392560508343533074
13623359669942528710
7084393464776072472
3394712512572530069
17740823822922624832
14557902930554282213
14567750404675127320
10227527371358605024
11050200018695663855
12502042018915816449
11246638750467311354
16026040070558898630
10026374509266127753
1194307487054090998
3722204053873039569
5287788376059879654
320599327613830699
6788005581707690462
9229691889288772789
10071254309457122840
11632450065380956033
6062187427681859744
12541815967766936060
9934012572823455849
3791391354557889776
285729612267789640
16481046595801367323
846952748732501331
3080521960647211387
1637929328490270651
17771806675990093466
6240378059847005795
15498906861504524435
16197006229792254237
5414066529582311471
7001019843374569002
8252831105673812768
15843146372680936247
9957409570041690715
17926322768544602547
7224828752198625810
8239141257813194896
11426162195220026191
14494931989651507493
3809156773252907205
2874238910063118461
1193064216549275516
